109
1081
3720
158
207
39
1700
25
16
39
1018
17451
7
62
881
36
8
85
1112
11
23
293
2722
136
969
67
1048
163
4270
8
3
447
42
3907
3947
8537
372
6
9
1
755
12
1556
243
50552
19
92
219
3
5907
4
3
707
119
30
404
1013
2698
9028
2536
3984
56
6
47
336
1210
53
868
26
155
3
1371
231
20
1907
1069
2137
2
188
8085
1242
4
1227
203
9
590
4369
3683
589
4374
57
96
2
4566
777
1025
311
22
11557
16
12
180
60
311
23
1
214
406
154
3075
124
316
3
1269
623
2114
17
9981
2
190
43
125
1
46
11261
10
33353
113
439
15
10
4194
7969
15
53
6
1144
359
5308
1
89
38
7855
22
88
3219
4
118
17
6550
3
118
84
12166
9
144
217
590
4
1346
19
230
21
4
80
76
27
15
1780
44
1404
14
3281
84
308
296
7884
414
20
14
7371
95
2297
60
251
301
45
34
2471
167
102
1424
22
4288
530
29
107
106
218
96
193
2
636
5293
27
87
10528
928
10
1
16
122
22
15
22
49
18049
231
51
206
33
12
74
15
2387
1035
49
37
911
2902
13
11549
15
1
392
19
2
3
903
13
417
265
354
2
41
541
21
179
80
7
1
1380
840
557
303
106
38
3
269
35
901
1
197
63
8
108
301
36
1
1
2677
932
47
111
1
390
4145
282
16
132
1
4
273
271
709
32
7
305
16
72
1
13
40
97
1
2745
2985
4081
1775
4
5
1
1920
18
499
326
7
15
1883
10
65
149
1
12
124
6
12
29
535
50
5
510
12
1832
59
10
152
40
128
6991
140
24
1
126
99
35
86
3021
20
55
189
1533
17
4637
80
1623
1628
20
2
4506
7174
3
24
1
3
11
103
1787
130
20
1662
11
89
2
25
15
312
10
532
153
32
223
317
9
610
2
352
2684
733
398
2
2
38
49
4072
78
11911
2
8
7927
23
2842
76
306
152
24
2
1
59
25
1090
36
77
666
13
95
7
48
767
39
3070
43
39
1
813
15
90
52
337
1
1702
5325
29
210
41
5
9
3
737
3185
14
5
32
17
147
115
1056
53
3
151
179
165
67
530
1458
2
525
96
33
84
7007
1082
309
18
218
10
48
2
1103
49
3960
86
30
303
22
35
7
41
3137
14
121
41
39
2332
84
37
310
4
9
11
4
18
18
50
38
8
487
12
82
248
2
2
112
247
93
3923
56
6420
59
5951
842
3202
11
14
25
8
413
10
101
6377
64
778
10
2571
1618
4
747
3
44
46
315
1398
68
165
53
20
3
1765
126
41
15
5
12
144
7
619
204
10
86
8314
5
2
2
7213
7
57
1114
850
7326
235
10
133
347
64
68
4845
6
98
5283
24
15
73
551
90
208
1157
3
1
4744
610
4
6
70
2
4
18
9
196
180
1
26
4
14
77
7
172
38
24
8013
29
2002
5421
55
116
8117
87
1
51
12
21
124
6
4
130
447
1
19
38
519
11
11174
60
702
1765
3515
16
8432
10
15
42
975
226
68
618
8
4139
2234
2475
364
1065
2852
7
702
12
20
154
331
333
2168
2
5500
4392
524
689
7075
6
1134
6
69
29
66
22
7363
59
2029
41
5
1379
5638
16
240
2
16
2
1
401
126
445
186
501
3
10
58
2
1595
2985
114
11
354
139
57
174
243
167
435
3
1105
5
227
8
1
1046
27
3490
156
108
122
2955
166
985
720
64
5247
269
1832
333
352
1785
6257
6
33
10
3979
4
2709
4069
61
20
1179
39
35
4
120
290
187
790
7
488
5
17
28
36
10
9779
13034
223
71
157
929
76
73
109
12
264
306
184
91
2645
163
68
643
21
295
11
206
957
600
3
4
61
46
385
45
17
89
1075
76
465
1
12
4972
20
1869
1041
50
1069
18
1
9
76
987
543
2
4
18
229
235
15
697
91
28
22
13439
103
194
24
138
126
632
838
228
1850
5
6115
112
1636
141
4
172
7
4762
9
28
488
4
4103
1123
5214
148
3
49
12
11
20
21
34
14276
1695
14
57
10
951
57
276
3378
1719
3902
4393
112
272
131
16
779
179
217
64
54
1458
8
2
2
4
13
1192
6
18
57
6
33
513
139
6
64
13
195
123
519
66
3
303
132
778
6
35
26
3650
89
28
22
3426
2467
50
32
37
2314
3
3
77
70
2
35
31
52
3
41
574
32
3631
955
648
56
15
863
171
6
290
27
14
22
543
3145
2315
3
26
555
2704
5
13
178
4
1310
142
1376
161
1
88
141
202
126
23
4
451
11
24
254
20
7
5
12
33
9
38
13304
2
2
41
10177
9374
377
90
5305
24
331
110
450
1
479
6
8091
95
2182
3597
81
8496
8124
1727
8263
1784
1
102
33
1
121
53
16
2119
61
23
895
670
6866
2408
5
52
22
193
2
44
49
2
10
12
508
9
3040
54
19
5
116
2111
85
403
6
19
1
68
28
1934
139
1
901
5
43
77
7
18
625
583
1349
1334
1133
99
7435
1154
4386
8350
7381
1
11
1
10
31
461
618
5603
170
3835
337
22
56
145
1894
1482
137
3141
72
14
5
5
2804
81
2496
10
21
7550
9222
1
7
304
1799
560
35
29
1315
68
276
42
152
40
209
4886
945
62
3725
1
117
2205
2835
3035
2
33
49
153
6
320
224
31
67
45
62
421
70
587
125
240
114
2295
1683
12338
294
39
1683
326
423
306
135
45
2212
987
6756
80
7298
47
297
2192
7
2397
16
1
15
132
7806
1797
4
334
15
124
120
109
31
13
14
9161
164
2
381
81
38
4971
65
3370
1313
228
1
10
3
33
16
61
4
121
209
21
100
3069
123
1
1
15
68
2703
1449
39
109
7
23
1
54
98
60
44
814
237
27
140
49
2907
11272
107
201
13
69
28
202
253
4793
26
4449
21
4259
271
60
16
123
119
80
268
1330
50
116
20
5443
798
